gasto,riqueza,poblacion,porcentaje,densidad,ingreso,crecimiento
2212,10.28139,3.963033,1.84055,3.89182,6.467938,20.6
2415,10.62333,6.152839,1.960095,6.359574,6.937865,13.4
2086,10.56978,4.333361,3.178054,4.543295,6.650754,-4
3360,10.62636,6.982058,2.197225,7.174724,6.718364,3.9
2107,10.52098,6.133,2.351375,6.180017,6.898839,8
1309,10.08158,3.806292,2.151762,4.174387,6.50446,7.7
1512,10.57275,4.599487,2.70805,4.682131,6.863567,4.6
3815,10.73537,3.522431,2.04122,3.496508,6.442359,11.8
2163,10.11751,4.038362,2.028148,4.077537,6.515619,13.5
413,10.12379,3.023672,3.54674,3.713572,6.545555,0.7
2758,10.31588,1.871802,3.69883,2.397895,6.075847,-16.5
2786,9.529209,2.628285,3.100092,3.135494,5.990942,-8
1155,9.794844,2.994064,3.577948,3.295837,6.384364,7.2
1400,9.532815,3.035754,3.005683,3.610918,6.245479,0.1
1134,9.677446,2.662588,3.848018,3.091042,6.266447,2.4
1792,10.04613,2.095971,3.152736,2.639057,6.101193,5.9
1687,9.392087,3.250374,2.850707,3.7612,6.047181,2.9
4879,10.42332,1.330605,3.795489,1.791759,6.191902,-9.7
1330,9.624699,2.295896,2.867899,2.833213,6.108521,-7.8
1435,9.905501,2.360854,3.430756,3.218876,6.255406,20.4
1316,9.21678,3.760037,2.251292,4.290459,5.676555,5.4
2072,9.831916,2.418886,3.202746,2.944439,5.896673,-2.6
1442,9.47773,2.873565,3.421,3.367296,6.076747,11
1232,10.14587,3.352824,2.862201,3.931826,6.300835,1.3
2149,9.21483,3.596856,3.683867,4.094345,5.989838,1
1407,9.441619,3.31358,3.095578,3.806662,6.29642,-6.4
2632,9.980152,2.151762,3.720862,2.772589,6.129547,1.4
5019,10.23213,2.06897,3.632309,2.639057,6.276078,-3.6
1498,9.48685,3.234093,2.912351,3.713572,6.197401,2.6
2303,10.04398,2.817403,3.058707,3.367296,6.137306,-9.8
1869,9.659561,2.490447,3.206803,2.995732,5.955005,6.9
3220,10.26572,2.983997,2.624669,3.526361,6.143849,4.5
1421,9.433196,3.488394,3.152736,4.025352,6.204158,-0.3
3080,10.04197,1.698669,3.218876,2.397895,6.301195,-7.7
931,10.03717,3.868419,2.61007,4.418841,6.314053,-0.5
3535,10.41208,1.470176,3.640214,1.94591,6.104371,-22.4
1365,10.00995,3.166178,3.165475,3.663562,6.339371,-1.6
1547,9.366549,2.947942,3.148453,3.465736,5.948377,0.5
1456,9.77566,3.845883,2.815409,4.219508,6.323766,20.9
1680,10.17433,4.424048,2.163323,5.283204,6.723621,0
1288,10.12788,5.32504,2.272126,5.894403,6.548367,0.6
1239,9.690437,4.556505,2.557227,4.290459,6.171034,12.6
1407,9.855253,4.650303,2.844909,5.545177,6.398896,1
1064,9.94088,4.126328,1.481605,6.785588,6.490576,2.2
1029,9.894966,4.787908,2.388763,5.389072,6.445398,-2.2
1638,10.1369,4.629538,1.386294,5.288267,6.453225,4.5
1421,9.842463,3.608212,2.80336,3.871201,6.156704,26.3
1162,9.999352,4.543117,2.60269,4.812184,6.469534,6
1855,9.569405,3.470931,2.624669,4.369448,6.223284,29.5
2632,11.57844,2.335375,2.415914,1.94591,6.210967,-13.3
987,9.547962,3.524889,2.985682,4.007333,6.206136,28
1694,10.39547,6.191646,3.054001,6.964136,6.716468,-0.8
1925,10.15036,6.095524,1.974081,6.234411,6.67008,-1.9
1393,9.949273,4.521064,2.549445,4.110874,6.301554,13.3
861,9.459347,4.655229,2.501436,4.488636,6.205147,-3
1883,9.626686,3.606403,2.580217,3.7612,6.362374,12.5
1358,9.787049,2.904165,2.639057,3.295837,6.20277,-0.4
1841,10.07673,2.508243,2.778819,2.639057,6.073706,3.4
1491,9.507136,3.359797,2.667228,3.871201,5.90432,7.9
959,9.68892,3.085725,2.617396,3.637586,6.227066,-0.5
2380,9.783109,2.828299,2.74084,3.218876,6.200785,6.5
4459,11.27133,2.926739,2.388763,3.218876,6.50717,13.5
3381,9.878416,2.647356,2.833213,2.890372,6.147314,-11.1
1190,10.01675,3.02205,2.197225,3.178054,6.212638,1.2
1785,9.506511,3.5332,2.923162,3.931826,6.103496,9.7
1386,9.809138,3.557726,2.827314,3.73767,6.266912,3.8
1386,9.679594,3.544817,3.411148,3.988984,6.234971,-4
1827,10.01265,2.285778,3.165475,2.772589,5.989102,9.6
1358,9.566223,2.66375,2.797281,3.295837,6.053187,9.3
1673,9.408412,3.062612,3.058707,3.555348,5.822762,18
735,9.909857,2.465271,2.827314,3.178054,6.174611,10.5
3283,10.0912,2.0836,3.288402,2.70805,6.37029,-17.5
1743,9.716935,3.686376,2.509599,4.077537,6.118172,13.6
3857,10.47026,2.473733,2.76001,2.890372,6.273494,-7.7
1729,9.614938,2.948815,3.169686,3.433987,6.019695,24.4
1603,9.752973,2.664911,2.312535,3.178054,6.269142,-8.2
1372,9.777766,3.492966,3.039749,4.204693,6.459382,-6.2
2912,9.81493,2.548142,2.587764,3.178054,6.291169,-6.2
1435,9.750651,3.125297,3.194583,3.912023,6.34747,-19.2
672,9.684834,4.024756,3.039749,4.564348,6.277643,0.2
1085,9.952511,2.477938,2.797281,3.091042,6.279298,27
1596,10.03699,2.017123,3.005683,3.218876,6.136988,-21.5
2212,10.66707,1.592631,2.821379,2.079442,6.014321,32.5
980,9.61769,3.816979,2.797281,4.330733,6.222118,7.3
763,10.34328,3.674189,2.388763,4.382027,6.432635,1.8
588,9.62243,3.966511,2.406945,5.010635,6.306126,33.5
1407,9.870127,3.584444,2.61007,4.189655,6.182029,17
1253,9.440173,3.457893,2.00148,3.988984,6.132849,14.2
658,9.85231,3.804438,2.332144,4.820282,6.631434,10.4
1316,10.0233,3.432373,3.169686,3.850148,6.338592,-2.8
1295,9.741022,3.158418,2.674149,3.73767,6.269235,1.1
1673,10.47139,2.882004,2.95491,3.401197,6.3411,11.3
994,9.358433,3.48124,2.867899,4.382027,6.252957,9.5
889,9.664462,2.913256,2.867899,4.234107,6.248515,5.1
952,9.785633,3.084201,2.785011,4.26268,6.213325,13.8
749,9.251636,3.754589,2.933857,4.543295,5.923384,118.5
2212,10.80632,3.004031,2.949688,3.433987,6.413862,7.1
1309,10.15244,4.056412,2.442347,5.111988,6.892789,-3.4
1631,9.948002,3.236061,2.397895,3.73767,6.451525,3.1
1925,9.896095,2.61007,2.862201,3.332205,6.293436,9.4
1967,10.3068,3.90634,2.186051,4.644391,6.571814,13.7
805,10.34861,2.876386,3.50255,3.988984,6.461681,4.7
1239,9.811597,3.690129,3.198673,4.007333,6.306662,2.8
1435,9.755857,2.862201,2.933857,3.713572,6.132317,19.6
1295,9.798621,3.396185,2.60269,4.564348,6.483936,-0.3
1519,9.767593,3.094068,2.95491,3.465736,6.241003,3.7
1442,9.594364,3.243894,3.030134,3.806662,6.12022,1.1
1848,9.804589,2.864104,2.714695,3.367296,6.313166,6.1
1197,10.0068,4.300907,2.873565,4.574711,6.416909,-6.3
1309,9.50354,4.074992,2.459589,4.65396,6.317419,-1.1
1743,9.688008,2.639057,2.572612,3.178054,6.054453,13.6
1652,11.27525,3.871548,2.624669,3.78419,6.488566,-5.9
1918,10.04004,2.159484,2.517696,2.70805,6.22241,-4.5
1568,9.57739,3.200033,2.76001,3.713572,6.103933,-0.7
1232,10.16035,3.193216,2.174752,5.463832,6.414665,-6.4
1218,10.25672,4.235796,2.74084,4.477337,6.540545,-0.5
1449,10.14014,4.522694,1.916923,5.257495,6.796314,-3.9
1799,9.495835,3.283414,2.721295,3.78419,6.124519,-4.4
1085,9.306205,3.589059,2.587764,4.094345,6.161985,6.2
1239,9.963712,4.111147,1.609438,4.356709,6.431767,-6.8
1071,9.695922,3.360954,2.517696,3.688879,6.199393,6.1
1645,9.986518,3.074235,2.251292,4.248495,6.614431,-8.4
2541,10.24758,2.914161,2.60269,3.433987,6.229,-9.3
2317,10.31046,3.650225,2.797281,4.007333,6.446098,1.7
1232,9.705695,3.767768,2.61007,4.26268,6.28917,-1.3
462,9.772473,4.141016,2.785011,4.574711,6.335037,-2
1050,9.508124,4.074992,2.219203,4.682131,6.081237,14.2
1477,9.794337,3.886363,2.509599,4.094345,6.162915,-6.7
1554,9.925626,3.756149,2.541602,4.234107,6.454922,-2.9
1890,9.774745,2.627081,2.424803,3.135494,6.086709,13.4
1197,9.512842,3.397858,2.379546,3.663562,6.146265,15.7
1736,9.665972,2.877324,2.74084,3.401197,6.172569,0.4
1211,10.10891,3.378725,2.282382,3.713572,6.359411,5.3
966,9.445057,3.117212,2.595255,4.60517,6.298855,2.2
1743,9.484884,2.61007,3.152736,3.465736,6.233145,-7.1
1225,10.05823,4.839583,2.61007,5.135798,6.683721,-0.7
1274,9.399124,3.771611,2.674149,4.234107,6.286802,-3.4
1169,9.537368,3.753809,2.517696,3.951244,6.218024,4.3
1442,10.01268,4.815026,2.332144,5.805135,6.792582,-2.6
1288,9.351649,3.504055,3.095578,3.806662,6.211361,-1.7
777,10.00278,4.987708,2.970414,5.652489,6.518009,1.8
1197,9.534082,5.261653,2.370244,5.517453,6.360852,-0.1
1540,9.837951,2.766319,2.980619,3.135494,6.176547,-0.5
833,9.769836,3.947712,3.010621,4.406719,6.393912,-2.6
1064,9.774665,3.607308,2.778819,3.912023,6.210967,22.2
903,10.26201,3.469894,2.747271,4.060443,6.413541,9.7
1869,9.724163,2.687847,2.879198,3.178054,6.185768,8.4
1589,9.718452,3.261935,2.873565,3.465736,6.166726,19.4
2135,10.19011,1.683308,3.339322,2.397895,5.906857,24.4
945,9.783228,4.270397,2.624669,4.060443,6.414504,6.5
1442,9.73735,3.899275,2.517696,3.871201,6.246523,17.7
2695,9.863811,2.098018,3.095578,2.944439,6.496582,2.7
2681,10.1019,2.605156,3.072693,3.044522,6.055143,1.6
1008,9.911942,3.436672,2.442347,3.713572,6.312633,11.8
1029,9.71512,3.536117,2.667228,4.290459,6.333384,18.4
784,9.940239,4.222445,2.960105,4.574711,6.568655,1
728,9.852494,3.674189,2.867899,3.713572,6.298495,6.4
1582,9.751711,2.540289,3.246491,2.995732,5.628067,21.3
1365,9.678805,2.531048,3.072693,3.258097,5.979726,2.2
1491,9.735986,3.368445,2.939162,3.713572,6.266633,12.5
1225,9.656295,2.937397,3.00072,3.465736,6.130933,16.9
1169,9.875865,3.261297,2.4681,3.637586,6.347813,34
1750,9.827961,2.96699,3.020425,3.135494,6.194705,-0.6
1659,9.596507,2.891297,2.890372,3.258097,6.12248,14.9
1085,9.266569,3.883281,3.020425,3.367296,5.80565,33.6
1547,9.768876,2.877324,2.827314,3.332205,6.270162,32.5
1379,9.706718,4.476389,2.734368,4.465908,6.334776,19.5
2310,10.22393,3.261935,2.906901,2.484907,6.222507,3.4
973,10.24061,3.57094,2.66026,3.78419,6.434839,-3
1554,9.664284,4.178226,3.226844,4.276666,6.409759,3.3
2597,9.745131,2.396379,3.411148,2.302585,6.050766,-3.2
707,9.997633,3.062612,4.048301,3.091042,5.908987,29.6
2443,9.788385,3.437208,2.541602,2.833213,6.234587,5.5
1162,9.447434,3.752636,3.411148,3.367296,6.344462,6.3
1302,9.864612,4.675007,2.667228,4.394449,6.4734,16.9
1372,9.873523,5.669881,1.902108,5.934894,6.198397,5.2
1638,9.709187,4.141546,3.367296,3.496508,6.340063,9.5
1057,9.613349,4.404277,3.165475,4.875197,6.366845,14.4
1792,11.13952,3.249082,2.912351,3.583519,6.518227,13.4
2324,11.44944,3.208152,2.727853,3.401197,6.808996,10.8
1547,11.20069,3.399529,3.135494,3.89182,6.72967,7.2
1589,10.92116,4.303389,2.681022,4.418841,6.792417,2.8
1008,10.26455,4.391358,2.785011,4.644391,6.429636,5.9
987,10.63848,3.204101,2.980619,4.406719,6.418269,13.7
1680,11.0855,3.967458,2.341806,4.343805,6.456923,9.3
1673,10.69466,3.36211,2.753661,3.78419,6.463134,28.3
1925,10.64696,3.520461,2.791165,5.111988,6.533161,4.6
1148,10.44813,3.89284,2.587764,4.204693,6.55054,9.8
1659,10.45226,4.22805,1.504077,5.389072,6.618561,1.8
2485,11.3682,3.413346,2.646175,3.637586,6.693239,8.8
756,10.441,4.511409,3.258097,5.257495,6.63208,14
938,10.49845,4.116595,2.890372,4.564348,6.361952,16
1309,10.70787,3.689296,2.721295,4.204693,6.538704,4.8
1078,9.887881,3.955402,2.360854,5.598422,6.300925,8.4
1064,10.41069,3.588138,2.901422,4.454347,6.465806,-1.7
2534,11.25935,2.92047,2.302585,3.332205,6.632725,0.9
1225,9.52819,2.923162,2.791165,3.78419,6.149199,-2.5
1645,10.18558,4.752728,1.88707,4.955827,6.489684,-1.8
2044,9.927848,2.652068,2.70805,2.995732,6.164771,0.5
1617,9.392962,2.472328,2.74084,3.332205,6.034941,20.3
1148,9.709314,2.699122,2.884801,3.610918,6.138364,3.6
840,10.03447,3.92724,2.772589,4.127134,6.427262,2.3
1470,10.06382,2.330524,3.346389,3.218876,6.284612,3.5
1085,9.777805,2.754722,2.912351,3.663562,6.254748,20.3
1309,9.942766,3.261297,3.039749,4.060443,6.380636,-3.7
1253,9.631889,2.963553,3.015535,3.951244,6.348413,-2.2
1638,9.651758,2.849743,2.980619,3.555348,6.104152,16.5
1855,9.66544,2.22282,3.538057,2.890372,6.181523,12.7
2443,10.21608,2.889445,2.681022,3.178054,6.278379,7.7
1631,10.09491,3.600048,2.653242,3.828641,6.40871,5.8
1498,9.666461,2.731115,4.228293,3.583519,6.089156,19.4
3122,11.64884,2.824351,2.939162,2.197225,6.323326,6.3
3899,11.16981,2.211931,2.714695,2.484907,6.439467,-2.1
3941,11.73213,3.478158,2.564949,2.639057,6.25935,4.3
1008,10.1899,3.742025,3.206803,3.871201,6.335992,23.7
1022,10.7078,3.484823,2.701361,3.465736,6.39702,1.6
952,10.9532,3.416086,2.341806,3.73767,6.249935,0.8
1589,10.43093,3.543854,2.970414,3.258097,6.38989,3.6
2968,10.80224,2.924952,2.727853,2.944439,6.35252,-10.3
2128,10.70393,3.541442,2.580217,2.564949,6.274417,4.2
2842,10.71277,3.178748,2.397895,3.526361,6.353799,-3
2387,10.58373,3.179442,2.815409,3.135494,6.292167,12.8
1624,10.28987,3.143434,3.058707,3.258097,6.221729,17
1757,10.21981,3.245842,2.944439,3.258097,6.166726,10.1
2758,11.29831,3.692207,2.484907,3.218876,6.312899,-1.5
3192,10.91773,3.691792,2.379546,3.332205,6.329111,4.2
11669,10.55745,3.474551,0.5877867,3.688879,6.404261,-2.4
1498,11.26872,2.071073,2.76001,2.302585,6.350896,38.8
2457,10.96465,2.81241,2.791165,2.302585,6.145425,2.7
896,10.60568,3.78797,2.815409,3.332205,6.378226,4.7
1323,10.51873,4.417635,2.028148,4.744932,6.305499,-17.5
1120,10.46964,5.221166,2.587764,5.913503,6.55054,46.3
1869,11.07196,4.157059,2.879198,4.60517,6.87942,10.8
1225,10.43623,4.877866,2.509599,4.94876,6.511913,7.1
2128,10.74504,5.944679,2.116256,5.998937,6.803682,22.2
1274,10.39622,5.588933,1.987874,6.401917,6.594121,12.5
1134,10.38987,5.87315,2.509599,6.356108,6.624238,2.2
1596,10.78968,5.412687,2.433613,5.826,6.888402,7.3
2324,11.12026,3.476099,2.493205,3.988984,6.70363,13.6
1631,11.16102,3.539993,2.61007,3.871201,6.496878,9.1
1988,11.53893,4.201703,2.557227,4.553877,6.849383,4.6
2030,10.86739,3.648491,2.197225,4.317488,6.520178,4
1330,10.7236,4.929305,2.341806,5.529429,6.741023,17
2366,10.57072,6.508819,1.960095,7.242798,6.786571,1.5
868,10.5817,4.744062,2.617396,5.31812,6.556058,13.2
1575,11.0281,4.401829,2.564949,4.94876,6.731951,6.9
1722,11.18046,4.074709,2.459589,4.26268,6.847772,5.3
2891,11.19478,4.138096,2.587764,4.60517,6.767022,34.6
1134,10.5668,5.874462,2.219203,6.703188,6.8381,-1.2
2240,11.56483,3.963983,2.370244,4.007333,7.255835,3.3
1050,9.687487,4.889973,2.4681,5.525453,6.329111,4.1
2492,10.21464,7.484518,3.005683,7.627544,6.860027,3.3
1617,10.33026,4.719837,2.639057,5.293305,6.806614,-4
1491,10.02333,4.814485,2.70805,5.332719,6.696574,-3.1
2135,10.00154,3.298303,2.833213,4.248495,6.373973,-16.8
2352,9.929453,7.148791,2.174752,8.081784,6.482512,-8.6
1540,10.42199,5.829926,2.525729,5.945421,6.793572,10.4
1750,10.10865,3.861782,2.572612,4.382027,6.508851,-7.3
1036,9.359458,4.640698,2.70805,4.859812,6.083027,19.5
1008,10.06976,4.22805,2.701361,4.127134,6.391123,4.9
1932,9.882463,4.819475,2.415914,5.231109,6.492434,1.2
1211,10.18063,5.146622,2.493205,5.700444,6.806288,-2.1
2863,9.722445,5.532269,1.84055,5.926926,6.384695,-2.7
1561,10.11034,5.688048,1.931521,6.429719,6.758639,4.7
2275,10.00812,6.516982,2.116256,6.981935,6.556545,2.5
1589,9.812019,4.093511,2.424803,4.615121,6.385191,3.7
1890,10.06715,5.851819,2.151762,6.385194,6.472643,18.5
910,9.868461,4.486387,2.965273,5.26269,6.497616,8
1113,10.17979,4.337073,2.833213,4.532599,6.433895,6.4
1323,9.973191,3.574684,1.931521,3.931826,6.381383,-5.6
1960,10.2677,5.880766,2.079442,6.359574,6.7973,3.2
1365,10.02698,3.784947,3.194583,3.970292,6.350896,-4.5
2905,10.04248,6.968882,2.60269,8.206856,6.582317,-10.3
1008,9.989445,3.889096,3.194583,4.406719,6.539271,2.6
2492,9.848582,6.66683,1.722767,7.697575,6.530163,-6.6
2135,10.23658,3.620333,4.089332,3.332205,6.264677,-5.5
2639,10.00869,3.50054,3.456317,3.258097,6.093922,6.9
2730,10.41198,3.093313,2.00148,2.772589,6.250408,3.7
4802,10.68706,2.379546,2.595255,3.044522,6.30532,-21.9
2513,10.12278,3.623896,3.273364,3.496508,6.304873,1
6629,11.7807,2.714695,2.140066,1.791759,6.438136,-1.2
2919,10.19554,2.894069,2.564949,2.564949,6.313876,14.6
7413,11.83307,2.529721,3.131137,1.609438,6.290624,-2.9
1736,9.452062,4.096287,2.208274,4.007333,6.165903,-1.8
18389,12.34724,2.153698,1.526056,0.6931472,6.530378,-20.1
2786,10.90917,4.543472,2.00148,3.610918,6.245384,31.1
10626,11.68059,1.551102,3.058707,0.6931472,6.088267,48.6
1505,10.42737,3.127491,3.044522,3.178054,6.375393,189
6034,11.7211,3.369592,2.128232,2.564949,6.273771,7.2
3171,10.99334,3.669951,2.424803,3.367296,6.374808,-4.8
2947,10.85386,2.733285,2.873565,2.772589,6.500418,9.8
2492,10.68144,3.36211,3.148453,3.713572,6.327449,-1.3
4585,10.76569,2.827314,3.202746,2.772589,6.237848,-2.9
1197,10.54376,3.586293,2.639057,2.944439,6.237656,14.8
1505,9.433364,3.557251,3.903991,3.89182,5.980841,6.1
3101,10.50903,3.064947,3.895894,2.079442,6.164874,19.2
1113,9.640667,2.944439,3.303217,3.465736,6.230255,-7.1
3913,10.17243,1.827234,3.054001,2.197225,5.928354,-21
1869,10.63269,3.210844,2.388763,2.944439,5.667112,-7
2016,9.601348,2.837127,3.321432,3.135494,6.185768,1.1
3360,10.07323,2.562382,3.514526,2.772589,6.298585,-18.1
1792,9.508851,2.995732,3.468856,3.610918,5.879832,-1.2
2926,9.708634,2.517696,4.053523,2.833213,6.111458,-4.5
9527,11.69277,0.8892621,3.535145,0.6931472,6.189996,-17.4
1232,9.530226,3.314186,3.981549,3.806662,6.207322,-7.1
4179,10.96427,2.846845,3.025291,1.791759,6.384034,9.7
1204,9.431851,4.719094,3.668677,4.219508,5.712491,72
861,9.222536,3.595027,3.397858,3.89182,6.065435,5.6
6748,12.6769,1.645448,2.312535,0.6931472,6.386595,0.3
4011,10.02171,2.87168,3.508556,2.079442,5.939255,-3.8
1071,9.481367,3.311759,3.303217,3.850148,6.053533,8.7
3367,10.90073,2.169054,2.727853,2.197225,6.577966,11.2
805,10.28395,3.934437,3.091042,4.60517,6.338679,12.8
3780,10.78986,3.127491,1.871802,3.295837,6.238709,13.6
1792,10.21002,3.254243,3.044522,3.688879,6.095248,-0.5
1176,10.01934,4.663125,2.580217,4.49981,6.390301,-4.5
882,10.09053,4.424048,3.828641,4.465908,6.343687,9.5
1624,11.04552,3.235405,2.261763,4.330733,6.354055,0
1533,9.897012,3.431834,3.015535,3.496508,6.05744,2.3
987,9.768235,4.037186,2.734368,4.867534,6.30934,3.6
3563,10.74449,2.265229,3.030134,2.079442,6.032475,-6.2
1316,9.522212,3.51254,3.459466,3.850148,6.249651,3.7
1582,9.867772,3.383825,3.38439,3.912023,6.352263,-5.1
917,9.801455,4.63035,2.014903,4.844187,6.357884,8.8
1561,9.925215,3.350489,2.714695,4.143135,6.576534,6.2
1379,9.701335,3.397858,3.254243,3.912023,6.363895,-3.6
1449,9.691173,3.674611,2.906901,4.290459,6.446253,4.6
1351,10.00056,3.90701,3.214868,4.143135,6.625213,1
1246,9.68892,3.342273,3.363842,3.89182,6.443606,-1.9
917,10.09062,3.982481,3.00072,4.394449,6.570167,2.7
1162,9.895884,3.224195,2.939162,4.189655,6.385191,5.1
1400,9.730924,3.653684,3.273364,4.174387,6.406448,-2
1134,9.812096,4.06073,2.995732,4.454347,6.345408,0.6
1267,9.834282,3.772761,3.222868,4.430817,6.533303,3.4
1967,11.16507,2.608844,2.501436,3.433987,6.40142,7.9
1134,10.88356,3.44415,2.533697,4.406719,6.456385,7.5
1463,10.56506,4.528289,2.995732,4.532599,6.279114,14.6
1183,10.56268,4.812591,2.631889,4.844187,6.43743,8
511,10.28146,4.455509,2.815409,5.003946,5.868537,49.9
2163,10.91686,3.660137,2.397895,3.850148,6.403693,1.8
1834,10.58689,3.974058,2.322388,4.406719,6.524644,10
2471,11.6105,1.188859,3.370738,2.197225,6.26533,26
5019,11.94495,3.040546,3.804438,2.639057,6.506219,15.7
3241,11.77656,2.788093,2.549445,2.944439,6.521765,29
2877,11.63735,2.636674,2.459589,2.302585,6.534585,2
1134,10.34897,4.047428,2.70805,4.418841,6.515401,10.5
2541,10.57119,2.585255,3.242592,3.713572,6.262905,16.2
5096,11.95698,3.33577,1.856298,3.610918,6.430031,1.1
23002,12.65491,1.599388,3.178054,0,6.413702,-4.5
9975,11.43293,1.041454,0.5306283,0.6931472,6.07978,7.7
3962,10.67046,1.811017,3.030134,2.197225,6.277367,15.1
7784,11.47273,3.215537,2.753661,1.791759,6.336946,5
14371,12.32881,1.757858,2.766319,1.791759,6.454382,7.2
6237,12.02948,2.108191,2.272126,1.098612,6.183749,8
8386,12.25711,2.739764,2.219203,0.6931472,6.492508,-0.5
21301,12.93923,0.5784843,1.856298,0,6.313255,3.9
7917,11.22621,2.487681,2.163323,1.386294,6.283149,12.6
1078,9.562735,3.281538,3.62966,3.828641,6.179596,3.3
1778,9.625578,2.886661,3.48124,3.610918,6.183041,-0.4
1834,10.02037,2.61496,4.077537,2.995732,6.291714,1.2
1400,9.970805,4.386807,2.174752,4.890349,6.380719,2.3
693,10.22743,3.709499,1.84055,4.394449,6.253146,-4
553,10.34202,3.696351,2.639057,4.418841,6.314497,-7.1
1295,9.947332,3.191162,3.540959,3.89182,6.177768,19.1
1407,9.785751,3.329224,3.538057,4.330733,6.288442,14
1036,10.5578,2.894069,2.99072,3.688879,6.231894,4.2
1904,9.630694,2.40243,3.363842,2.944439,6.169088,0.2
5775,11.03238,2.705826,4.027136,1.098612,6.072012,11.7
1645,10.33697,3.256814,3.104587,3.332205,6.419707,6.2
2296,9.693334,3.471966,4.135167,2.890372,6.006026,-0.6
2170,10.22424,2.520381,3.597312,3.135494,6.161159,-7.9
1750,10.13563,2.889445,3.044522,3.332205,5.883523,1.1
13440,12.34059,3.298303,1.94591,1.386294,6.605853,-3.8
952,9.952444,3.087247,3.353407,4.060443,6.29633,18.7
1141,9.869295,4.016683,2.753661,4.394449,6.366761,19.9
2093,10.93514,3.857919,3.793239,3.663562,6.421382,18.6
1883,9.551352,2.924952,3.561046,2.397895,6.096682,0.6
1260,10.05532,3.91169,3.295837,3.951244,6.363642,18.4
2653,10.41693,3.643708,3.310543,3.713572,5.898422,100.9
1057,9.622801,3.706638,3.867026,4.043051,6.3168,7.9
2674,10.54921,3.73767,3.772761,3.433987,6.309964,11.6
2058,10.03263,3.814043,4.18662,3.496508,6.151289,4.7
5894,10.98563,3.041343,2.933857,3.401197,6.487896,-4.7
1848,10.2251,3.404525,3.317816,3.637586,6.38246,9.1
392,8.698764,5.80398,2.549445,5.609472,5.709572,294.5
2954,9.763254,2.558518,4.169761,2.995732,6.114929,6.4
2793,11.04373,2.922265,3.288402,2.995732,6.45168,3.1
1988,10.52311,3.644579,3.751854,3.465736,6.26505,12
1491,10.02174,3.874667,3.538057,4.430817,6.36735,16.3
1491,9.852052,2.423327,3.380995,2.890372,6.029767,17.1
2471,9.658265,2.864104,3.456317,3.218876,6.236986,21.5
1253,9.707102,3.372455,3.540959,3.688879,6.214698,28.7
2100,10.08205,3.195266,3.198673,3.135494,6.247377,35.7
1169,10.27463,4.337291,3.380995,4.844187,6.369115,40.1
1393,9.473381,3.569063,3.295837,3.332205,6.444386,1.6
4221,10.33815,1.352393,4.123903,1.609438,6.278655,43.1
1953,10.10297,3.715197,3.109061,2.639057,6.099215,13.5
1211,9.807714,3.256172,2.734368,3.465736,6.320597,2.3
1757,10.3932,2.903251,3.063391,2.079442,6.134549,34.7
1386,10.33119,3.124565,3.33577,2.70805,6.17675,18.7
3199,9.964305,1.960095,3.397858,2.397895,6.008678,1.7
2051,10.07074,2.692372,3.356897,2.639057,5.9951,19.2
973,9.877446,2.912351,3.077312,3.526361,6.040321,16.6
1008,10.24547,3.010621,2.867899,3.526361,6.370122,0.5
1932,9.790072,3.083438,3.353407,2.944439,5.947097,12.9
2401,9.743982,3.099341,4.097672,2.890372,6.307555,-9.1
1533,9.552397,3.756538,2.867899,3.828641,6.26942,9.1
5173,10.86366,1.312827,3.277145,1.098612,6.120328,-25.5
2660,10.08526,1.695616,2.186051,2.079442,5.913103,5.9
1323,9.847176,2.278975,2.517696,2.944439,6.254653,7
2107,10.2248,3.3328,3.00072,2.70805,6.169293,26.8
1428,10.22429,2.513656,3.346389,1.94591,6.308537,-4.3
735,10.09493,4.010359,2.884801,4.465908,6.488194,3.4
868,10.21761,3.622562,3.589059,3.970292,6.510092,18
1855,10.00243,3.620333,3.356897,4.219508,6.523277,11.5
889,10.71417,3.508556,3.238678,3.871201,6.923016,3.3
1274,9.453381,4.037186,3.034953,4.465908,5.793032,49.1
1470,9.849359,3.453157,3.78646,4.043051,6.397673,27.5
959,10.21684,3.536117,3.173878,4.219508,6.495768,10.3
1106,10.20829,4.525947,3.589059,5.003946,6.500124,19.2
973,9.833231,3.25102,3.100092,3.465736,6.116011,6.4
896,10.73208,2.504164,4.146304,4.584967,6.39301,-23.1
1743,9.635556,3.280911,4.158883,3.78419,6.278287,4
3045,9.937435,2.618612,3.367296,3.044522,6.276262,19.5
2310,9.473058,2.726763,3.462606,3.555348,6.160745,15.8
2065,9.660632,3.284664,3.575151,4.060443,6.46923,8.2
1925,9.761884,3.713572,3.058707,3.828641,6.334863,12.3
1561,9.476015,3.136942,3.342862,3.713572,6.3121,21.4
1316,9.998047,4.086816,3.034953,4.290459,6.420983,9.4
1841,9.670445,3.630102,3.265759,3.367296,6.138681,9.2
917,10.72217,4.080922,3.152736,4.304065,6.981589,6.9
1463,10.29681,2.715798,3.242592,3.401197,6.272107,10.3
658,9.992492,3.792113,3.095578,4.110874,6.247757,6.3
1526,9.657638,3.353989,2.61007,4.007333,6.421621,7.2
1673,9.729884,2.775709,3.214868,3.178054,5.8812,19.6
532,9.979958,3.712352,3.443618,4.127134,6.358563,5.6
1687,9.901265,3.071921,3.277145,3.401197,6.269698,13.2
798,10.16763,4.065316,2.747271,4.691348,6.542241,7.8
1365,10.02211,3.319023,3.034953,4.189655,6.472946,-3.1
1309,9.937469,3.755759,2.821379,4.158883,6.371882,28.2
1596,10.32492,3.491952,2.879198,3.828641,6.412898,26.6
1428,9.574768,2.874506,3.238678,3.78419,6.14553,5.2
1316,9.736896,3.249082,3.030134,3.912023,6.165697,5.7
854,10.04446,5.120884,2.646175,4.955827,6.444931,8.9
1974,10.48494,6.345373,2.484907,7.698936,7.077305,-3.7
1148,9.990536,6.051226,3.417727,6.464588,6.679975,6.3
1694,9.965029,4.343156,2.995732,4.934474,6.603663,12.5
1673,10.27252,6.157967,2.509599,7.531016,6.645608,-3.9
1701,10.06953,7.333611,2.509599,7.569412,6.672067,10.7
1043,9.770516,5.065649,3.202746,5.389072,6.465196,19.9
1155,10.27122,6.408639,2.727853,6.936343,6.571677,0.7
1687,10.22779,6.75155,3.144152,8.117909,6.759435,-9.1
1610,10.75767,4.382235,3.317816,4.859812,7.027184,49
1582,10.02345,5.431755,2.890372,5.966147,6.662657,18.1
980,10.16951,4.976964,3.100092,5.375278,6.68231,2.6
1491,10.39027,6.241672,3.238678,6.71174,6.878663,11.1
931,10.46741,6.451392,3.113515,7.064759,6.938626,14.6
1589,10.64277,5.966147,2.906901,6.946976,7.221056,9.3
1197,10.15688,4.059868,3.421,4.634729,6.685375,16.3
2331,10.35431,3.995138,3.044522,4.672829,6.892291,7.2
910,10.27008,4.518522,3.135494,5.164786,6.620196,6.9
1757,10.32522,6.09901,2.785011,6.733402,6.840775,11.7
1932,10.079,3.975311,3.005683,4.682131,6.699716,2.3
938,10.2434,4.203448,2.580217,4.990433,6.474156,6
882,9.851131,3.18979,3.38439,3.555348,6.405638,-2.6
2324,9.951377,2.932082,3.421,3.258097,6.242815,9.3
1981,10.19486,3.787593,3.063391,3.970292,6.314142,2.3
1561,10.25537,3.011442,3.190476,3.465736,6.230834,7.7
840,9.716133,3.522431,3.317816,3.713572,6.094696,-5.9
896,9.835706,3.913688,3.222868,4.477337,6.27663,6.5
1484,9.685052,3.363265,3.555348,3.78419,6.327449,11.4
1435,9.701592,3.326234,3.538057,3.496508,6.261971,-6.1
679,9.861404,2.730029,3.569533,4.043051,6.138787,-13
1799,10.83999,8.968869,2.70805,8.598404,6.957871,-3.4
1659,11.54444,7.292485,2.433613,8.740657,7.440719,-3.9
2527,11.08488,8.266066,2.197225,8.24144,7.142272,-5.2
1351,9.935403,4.392596,1.916923,4.804021,6.490576,8.1
2282,9.662415,4.167182,2.939162,4.304065,6.385521,-4.7
1974,10.03007,5.323579,1.609438,5.831882,6.664159,-3.8
1617,9.759744,5.665677,1.410987,5.961005,6.474836,28.2
1890,9.700906,5.00417,1.916923,5.153292,6.437822,-2.9
1400,9.695405,5.108568,1.308333,6.962243,6.39563,2.4
1659,9.955506,4.43616,2.128232,5.225747,6.671757,6
1568,10.01569,4.428831,2.079442,5.056246,6.584621,-0.5
1449,9.849691,4.525044,2.140066,4.382027,6.42178,-3.3
3220,12.42612,3.540959,3.030134,4.025352,6.425517,-3.7
1855,10.07956,5.249477,1.974081,6.016157,6.499018,15.8
1085,9.774705,4.303615,2.322388,4.51086,6.427499,-1.7
1533,9.678192,3.865979,3.034953,3.871201,6.023736,16.6
1890,9.851684,3.055572,3.299534,3.850148,6.236698,-0.2
1799,9.488919,2.612518,3.198673,3.091042,6.075734,19.3
1029,10.11638,3.546259,2.912351,3.401197,6.24043,15.8
1351,9.616665,2.898671,2.906901,3.850148,6.176038,20.2
791,9.698589,3.786838,3.261935,3.931826,6.406286,14.3
1295,10.06795,4.185606,2.484907,4.787492,6.49769,0.2
1981,9.889693,2.691243,2.867899,2.772589,6.099215,23.8
1470,9.617597,4.162782,3.173878,4.70953,6.379307,-0.2
2485,10.94322,3.277773,3.487375,3.044522,6.295246,12.8
2121,10.0302,4.874306,2.370244,5.46806,6.590695,-3.8
833,9.713174,4.781921,2.701361,5.062595,6.414504,3.2
1099,9.67071,5.025086,1.740466,5.624018,5.991187,34.5
1827,9.868715,3.566712,3.621671,4.174387,6.405152,-0.3
1687,10.3396,5.790979,2.186051,6.674561,6.747946,2.9
1680,9.821333,4.186113,2.980619,4.85203,6.486627,-0.7
1792,9.958955,3.050063,3.242592,3.583519,6.209983,23
1778,10.44272,2.60269,3.126761,3.295837,6.295788,9.8
2142,9.788778,2.841026,3.387774,3.178054,6.290079,12.2
1463,10.05375,4.146832,2.667228,4.488636,6.49562,17
1295,9.880961,4.044804,3.194583,4.532599,6.431689,5
1281,9.842314,4.672206,3.280911,4.532599,6.363051,-3.3
1141,9.789053,4.326998,3.113515,4.317488,6.341272,12.4
1918,10.07045,3.544817,2.944439,3.688879,6.527443,5.3
1064,9.767794,4.570061,3.186353,4.89784,6.442983,5.1
2317,10.23326,4.720283,4.043051,5.655992,6.802811,-7
2023,10.0413,5.920819,2.66026,6.486161,6.672563,-2.4
924,10.03708,6.069274,2.557227,6.282267,6.55752,8.1
826,9.95879,6.800356,2.587764,7.066467,6.608566,16.8
2233,10.93358,5.8803,2.351375,6.499787,6.922002,-7
1512,10.06358,4.120391,3.637586,4.644391,6.425993,6.8
1519,10.36653,3.185664,3.401197,3.433987,6.569068,0.4
2156,10.23583,5.199785,2.219203,7.266129,6.615284,-3.8
1288,10.05994,4.46744,2.70805,4.890349,6.635495,13.7
952,10.21978,5.137366,3.254243,5.159055,6.787069,30.9
1589,10.49584,5.730695,2.624669,6.018593,7.002755,19.8
854,10.1064,4.358417,2.442347,4.990433,6.642419,7.3
1050,10.1086,5.731722,2.517696,5.771441,6.698388,3.2
1449,10.13254,3.639339,2.980619,4.343805,6.456308,6.8
1274,10.28992,4.514881,3.100092,4.418841,6.806885,18.4
1337,10.0267,6.282734,2.066863,7.811973,6.6085,-5.9
1484,10.6487,4.373868,2.261763,4.744932,6.783081,-4.1
1911,10.76665,3.338731,2.833213,3.951244,6.634787,4.9
1568,10.7635,3.210844,3.122365,4.077537,6.726914,7.9
980,9.730217,5.417803,2.533697,5.940171,6.609094,6.2
2268,10.15489,3.567183,3.511545,4.060443,6.548858,14.9
1981,10.50017,3.473518,2.714695,4.174387,6.498428,26.6
1981,10.66074,4.812184,2.833213,4.867534,6.686599,18.2
1841,10.38287,3.483801,3.139833,4.110874,6.560922,7.8
1351,9.887241,5.18094,1.960095,5.598422,6.594523,16.2
1414,10.44868,3.89352,2.261763,5.036953,6.635366,-3.6
2128,10.78919,3.862833,2.80336,4.077537,6.454691,-5.3
1519,9.985229,3.950282,2.501436,4.477337,6.393502,20.2
763,9.748651,4.246589,3.194583,4.795791,6.527515,13.8
1883,10.16946,3.123832,3.401197,3.555348,6.42837,18.8
1085,10.03891,4.386599,2.99072,4.330733,6.533446,5.6
1771,10.46962,4.017883,2.970414,4.369448,6.46672,19.5
1722,9.903017,3.82392,3.744787,3.988984,6.471961,-0.1
3430,11.08798,3.37588,2.833213,3.806662,6.645545,38
2289,10.8369,4.457636,2.960105,5.010635,6.882992,43
1162,9.949808,3.76391,3.325036,4.615121,6.606647,11.2
1666,10.5052,5.30901,1.84055,5.926926,6.697602,18.2
1806,10.873,4.61413,2.116256,5.568345,6.781581,18.8
1988,10.75453,4.928461,2.272126,5.811141,6.760968,7.5
1890,10.53149,4.714174,2.433613,5.117994,6.538633,30.2
1071,10.14691,4.926287,2.873565,4.828314,6.386842,39
1197,11.02806,4.665952,2.694627,5.049856,6.577898,11.7
1631,10.63981,4.015482,2.617396,4.70048,6.558354,49.6
1421,10.90413,4.225129,2.833213,5.036953,6.697542,32.8
693,8.956041,5.086876,2.388763,5.786897,6.057898,-0.9
1267,10.67379,3.744393,2.821379,4.70953,6.462675,27.1
1113,10.55963,5.047503,2.174752,6.395262,6.708785,30
1358,10.87654,4.798816,2.631889,5.068904,6.596933,8.7
1260,10.09097,4.458795,2.174752,5.356586,6.15826,42
2625,11.0677,6.00471,2.00148,6.322565,6.74218,5.8
1925,10.38441,5.97542,1.704748,6.520621,6.620979,17.4
6482,11.59472,3.65842,1.808289,3.951244,7.313147,2.5
2079,10.65144,5.971389,1.974081,5.934894,6.55166,12.4
1659,10.91936,5.599964,3.206803,5.135798,6.838572,30.3
1351,10.61509,4.564695,2.509599,5.105945,6.620979,28.4
3542,11.0704,4.604837,1.481605,5.135798,6.793681,4.4
2653,9.937638,3.545298,3.387774,3.637586,6.352776,-3.3
1309,10.19365,3.845171,2.80336,4.158883,6.514458,-0.4
1666,9.840489,3.848728,3.077312,4.382027,6.401989,25.9
896,9.529056,3.942229,3.025291,4.49981,6.188085,12.4
1281,10.03327,3.858974,3.299534,4.454347,6.447884,16
742,9.835482,3.932806,3.342862,4.634729,6.427737,5.5
784,9.366429,4.525225,3.265759,4.787492,6.22377,2.8
2107,10.00272,3.249728,2.873565,3.73767,6.274879,0.8
1526,9.575934,3.38552,3.288402,3.663562,6.216754,23.4
2254,9.677007,2.857428,3.33577,3.332205,6.055143,20.8
4445,10.15372,2.023753,3.600048,2.484907,6.326836,13.6
826,9.819622,4.250636,2.985682,4.317488,6.369618,18.1
672,9.50672,4.780103,3.226844,5.068904,6.435546,10.6
630,9.362048,4.232656,3.650658,4.553877,6.200387,19.6
882,9.680513,4.699723,2.873565,5.010635,6.372552,13.5
1260,9.738631,4.083171,3.08191,4.394449,6.438371,10.3
1568,10.08047,3.403971,2.459589,5.739793,6.683292,-4.4
1099,9.615919,3.860379,3.295837,4.51086,6.428212,14.7
3808,10.41227,2.994899,2.80336,3.401197,5.943377,13.6
903,9.388989,4.9002,2.631889,5.68358,6.071107,2.1
763,9.495782,4.10759,3.254243,4.49981,6.341704,10.1
1106,9.504427,3.51403,3.218876,3.912023,6.485208,19.2
3577,10.26064,2.277267,3.591818,1.791759,6.071786,22.9
1071,9.932687,4.047428,3.077312,4.158883,6.315029,6.7
1386,10.39476,3.555348,3.306887,3.970292,6.364823,8.3
805,9.789092,4.709981,2.60269,5.087596,6.329897,14.8
2618,12.65632,4.71178,3.122365,5.099866,6.388573,18.6
1190,10.33783,4.56087,2.772589,4.779123,6.366929,5.9
945,9.505782,4.334017,2.923162,4.912655,6.256065,26.2
1736,9.55602,3.100843,3.433987,3.526361,6.067367,26.9
1967,9.985261,2.846845,2.406945,3.135494,6.178073,-0.9
1932,10.34688,3.059489,2.912351,3.178054,6.298585,20.1
2667,10.48057,2.314184,2.701361,2.70805,6.301285,13.8
3829,10.38618,1.805553,3.50255,2.890372,6.204455,14.1
1498,10.00059,3.352241,3.010621,3.637586,6.226582,-0.9
1309,10.00841,2.779854,3.363842,3.401197,6.161262,-0.1
1064,9.888095,3.5563,3.161247,3.89182,6.315117,12.7
1568,10.24837,3.021238,3.095578,3.178054,6.334167,13
1442,10.43361,3.647623,3.908015,3.583519,6.371882,19.3
1218,10.22332,3.699242,2.714695,3.970292,6.461604,9.8
1505,10.15402,2.956645,2.95491,3.401197,6.423133,4.2
2058,10.25672,2.819393,3.086487,3.135494,6.231412,5.1
1890,10.29127,4.427836,2.694627,5.010635,6.457462,6.6
1071,9.994507,3.569533,2.701361,3.89182,6.374307,20.3
2303,11.27869,3.38326,3.955082,3.526361,6.777124,4.9
2023,9.93102,2.932082,2.844909,3.401197,6.095689,4.6
1211,9.817679,2.652068,3.523415,3.367296,6.164049,0.4
882,10.4202,2.96699,2.360854,3.663562,6.301464,9.5
1708,10.32756,2.421849,3.306887,2.995732,6.079556,6
2716,10.55053,3.054787,2.985682,3.401197,6.356184,2.3
868,9.878739,3.964932,3.010621,4.248495,6.314497,16
2814,10.40067,2.351375,3.190476,2.944439,6.192403,-2.8
1897,10.01042,3.54818,3.122365,3.806662,6.239092,3.9
2380,10.91869,6.180362,2.208274,6.688355,6.92759,3.1
3178,10.81807,5.403653,1.589235,5.793014,6.871271,6
2037,10.84343,5.006739,1.974081,5.627621,6.707349,19.8
2107,11.39564,4.716264,2.694627,4.955827,6.966964,3.6
3948,11.25721,5.023222,1.648659,5.393628,6.874265,1.1
1176,11.14216,5.458166,2.433613,6.100319,6.886352,36.8
1456,10.3671,3.494485,2.772589,3.496508,6.414504,13.7
1379,10.25952,5.221886,2.282382,5.521461,6.746968,1.1
2065,10.2711,5.474299,1.686399,6.386879,6.746047,9
1806,10.29407,3.48992,2.862201,3.78419,6.564796,15.1
1204,10.44746,3.983723,2.867899,3.970292,6.383206,2.7
1393,10.28084,4.159664,2.60269,4.477337,6.473854,16.9
1232,10.12553,5.210396,2.557227,6.371612,6.639796,4.8
2177,10.2445,3.204777,2.580217,3.610918,6.386347,6.7
1260,9.955904,4.434777,2.694627,4.418841,6.43161,13.7
1113,10.10977,4.158362,2.674149,4.770685,6.597267,4
1351,10.12939,4.863166,1.609438,5.398163,6.643441,8.8
952,10.06116,4.738097,2.653242,4.934474,6.534514,5.7
1778,10.22895,5.162307,2.815409,5.141664,6.709203,6.5
1267,10.52299,3.776203,2.70805,3.806662,6.514022,24.1
3878,10.91677,7.16597,1.609438,7.643962,7.039501,2.8
2317,11.15209,5.461003,2.104134,6.616065,6.904508,1
3976,11.14077,6.342033,1.94591,7.349874,7.044984,-4.5
4340,10.93729,6.200205,2.079442,6.923629,6.815304,-33.5
2842,11.03778,5.363559,1.974081,6.133398,6.816218,-0.2
1848,9.459237,3.54289,3.449988,3.135494,6.190598,-10.6
833,9.53048,4.312811,2.890372,3.78419,6.272754,6.5
12894,11.78149,0.1397619,3.342862,0,6.274325,-35.5
4557,11.11238,2.706938,2.091864,1.94591,6.286255,-8.8
4746,11.18003,3.052428,2.433613,1.609438,6.380055,-1.4
1652,9.653288,3.429677,3.109061,3.135494,6.029767,2.7
1673,9.158278,2.721295,3.258097,3.044522,5.687738,-0.4
3402,9.88628,2.278975,3.401197,2.484907,6.177768,-7.9
2947,10.37955,3.359797,2.302585,2.302585,6.221242,-19.2
2520,9.963251,3.464694,2.827314,3.465736,6.09602,9.5
938,9.89972,3.683867,3.068053,3.526361,6.249367,1.6
2016,10.77455,2.723486,3.139833,2.70805,6.17919,9.6
2541,9.999638,2.370244,3.109061,2.484907,6.069409,6.9
3080,10.46781,2.747271,2.778819,1.609438,6.159089,-10.1
1820,9.435881,3.210844,3.360375,3.433987,6.250029,-8.6
1715,9.517229,4.144721,2.80336,3.555348,6.240143,5.6
1253,9.622708,3.931499,2.517696,4.143135,6.407499,3.2
3535,10.16854,2.571339,3.178054,2.564949,6.018622,-3.2
3647,9.662371,3.226182,2.862201,3.367296,6.172977,-15.3
8288,10.98001,3.568123,2.079442,3.912023,5.935116,5.1
2023,10.43893,3.247139,2.714695,3.526361,6.228324,4.7
1393,9.588434,4.227077,2.785011,4.317488,6.253146,-14.7
1624,9.953177,4.003082,2.785011,3.931826,6.293074,3.3
3444,10.42895,3.450517,2.965273,2.944439,6.196503,-2.6
7035,11.52148,1.500367,2.151762,1.098612,6.300386,-21.9
1687,9.894755,3.692622,2.867899,3.688879,6.42639,7.6
1946,9.83668,2.516351,3.135494,2.564949,6.395549,-5.2
644,10.02739,4.361186,3.08191,3.89182,6.643887,-3
2114,9.63074,2.533697,3.535145,2.995732,6.039621,-8.6
1988,9.37097,3.362688,3.346389,2.890372,5.987996,4.8
1253,9.240899,4.067316,3.543854,3.610918,6.181827,-3.9
1694,9.965293,2.841026,3.292126,3.044522,6.356779,-7.9
1148,10.2675,4.911551,2.580217,5.616771,6.678004,4.7
1190,10.34132,4.193938,3.086487,4.795791,6.852599,-0.9
1806,10.54437,6.258402,2.646175,6.46925,6.912001,25.5
1624,10.01243,4.009452,2.617396,4.077537,6.251353,26.3
5362,11.71043,2.544223,2.128232,2.484907,6.234587,13.7
2835,11.71233,2.837127,3.284664,2.833213,6.211263,-7.5
1841,10.52824,3.971235,2.901422,4.290459,6.520033,12.3
1701,10.14732,4.698205,2.815409,4.584967,6.45677,24.2
3192,10.32699,3.333989,2.251292,3.73767,6.307377,20.5
1386,10.18948,5.472481,1.960095,6.082219,6.689467,17
945,10.19329,5.289697,2.917771,6.09131,6.672935,77.2
784,9.968118,5.119191,2.714695,5.686975,6.42369,19.1
1337,10.13435,5.108367,2.079442,5.493061,6.364992,27.3
1169,9.882749,4.155753,2.985682,4.770685,6.344118,33.4
2163,10.19776,3.142714,2.74084,3.465736,6.29642,12.4
819,10.26592,3.974998,2.839078,4.382027,6.369367,12.9
1316,10.13535,4.587346,3.517498,4.990433,6.457769,20.2
1365,10.28144,4.705317,2.617396,6.959399,6.516271,32.1
1386,10.19911,5.238479,3.456317,5.752573,6.480937,47.1
1218,10.17414,4.477147,3.122365,4.317488,6.56838,19.4
1582,10.37857,5.878995,2.631889,6.098074,6.730782,0.8
2583,10.59378,5.776775,2.208274,7.224753,7.040789,9
763,10.41848,3.543854,2.906901,4.454347,6.633885,12.6
2387,10.34234,6.152165,2.564949,6.663133,6.579055,-3.6
7168,10.87303,1.734601,2.960105,2.302585,6.392846,13.7
2709,10.52326,2.771547,3.186353,2.995732,6.310943,21.7
1400,9.935572,3.357478,2.895912,3.912023,6.184557,18
504,10.31771,3.529786,2.944439,4.304065,6.464967,12.7
3969,10.85543,2.435074,3.848018,2.833213,6.395958,0.4
476,9.664862,3.410598,2.839078,4.553877,6.32631,12.7
1876,10.28443,3.243894,3.11795,3.178054,6.099105,8.6
2912,11.11036,3.022861,2.734368,3.044522,6.426073,12
2387,10.59411,3.00072,3.210844,3.332205,6.285251,7.4
1253,10.1936,3.459466,2.631889,3.688879,6.288169,14.7
1372,10.21999,3.274626,2.549445,4.025352,6.296059,11.5
630,10.10766,3.676723,3.280911,4.430817,6.416188,11.1
1491,9.906443,3.322635,2.895912,3.828641,6.309607,4
1645,10.28271,3.105334,3.005683,3.583519,6.240907,-3.7
1827,10.78076,2.800325,3.621671,3.295837,6.189996,7.8
1414,10.11774,3.151311,3.440418,3.89182,6.453688,6.4
987,9.892882,2.753661,2.753661,3.610918,6.26038,-23.8
1526,9.738878,2.312535,2.694627,3.401197,6.113954,5.8
973,9.76426,3.490429,2.587764,4.043051,6.246808,13.3
1302,9.877051,4.244917,2.70805,3.713572,6.290806,19.7
882,10.27925,2.391816,2.624669,3.73767,6.338159,-16.3
1414,9.50698,3.284664,3.015535,3.401197,6.073141,14.9
1169,10.0597,3.406185,2.587764,4.204693,6.359496,-0.2
1778,10.26172,3.312973,2.74084,3.78419,6.074044,9.5
1036,10.41744,3.270202,2.960105,3.931826,6.460838,4.2
616,10.33697,4.108412,3.459466,4.189655,6.426945,2.1
1239,9.697084,3.116474,3.11795,3.931826,6.22929,0
1540,10.1988,2.915967,2.74084,3.496508,6.299216,25.3
1022,10.37053,3.284664,2.747271,3.951244,6.339631,-11.7
742,9.558741,3.747934,2.687847,4.204693,6.171034,2.8
700,10.36401,3.472484,3.770459,4.584967,6.553896,-16.8
1841,9.979017,2.670694,3.039749,3.367296,6.449513,-1.9
784,10.11635,3.610918,2.933857,4.234107,6.233626,15.7
574,10.00164,3.798107,2.517696,4.912655,6.342825,5.6
658,9.66615,2.617396,2.99072,3.555348,6.235355,13.7
1092,9.6897,3.050063,2.501436,3.583519,6.164668,14.3
700,9.444004,4.618415,2.753661,4.189655,6.152541,12.4
2779,9.490401,2.448127,2.815409,3.332205,6.07978,-3.5
1981,9.601159,2.725672,3.496508,2.995732,6.129547,-0.1
1064,9.417842,4.102368,3.113515,4.488636,6.362797,-3.8
693,9.956237,2.992393,3.131137,3.091042,6.283149,-7.4
1309,9.633495,3.453157,3.109061,3.912023,6.49525,2.2
1855,9.749876,3.332205,3.030134,3.433987,6.239666,6.2
875,10.10888,4.36416,2.694627,4.875197,6.656566,-4.2
1302,9.619133,3.445746,3.306887,3.663562,6.310231,24.5
1393,10.12315,4.407938,2.501436,4.882802,6.709681,13.3
2338,9.916616,2.731115,3.640214,3.367296,6.259819,5.4
2226,9.683003,2.709161,2.895912,3.091042,6.024447,1.7
2100,9.880316,2.221013,3.430756,2.70805,6.112436,7.3
1652,9.575011,3.301377,3.08191,3.688879,6.381549,-7.3
1183,10.06873,3.7612,2.753661,4.110874,6.46191,4.7
1974,9.789759,3.113515,2.985682,3.091042,6.170932,7.7
1897,9.544961,3.038951,3.342862,3.178054,5.986027,9.2
1372,9.471442,3.438279,2.230014,3.912023,6.329286,1.7
2366,9.717863,3.476614,2.459589,3.637586,6.136564,14.3
1855,10.68299,3.182212,2.557227,3.78419,6.442203,11.2
3066,9.616432,2.694627,3.161247,3.218876,6.148676,-2.3
1519,9.581456,2.879198,3.254243,3.367296,6.127304,6.9
2597,9.756303,2.819393,3.496508,2.772589,5.902046,0.1
1428,9.346286,3.131137,2.815409,3.583519,6.022786,2.2
1876,10.48957,3.439349,2.312535,3.828641,6.478305,-2
973,9.840265,3.686794,3.427515,4.143135,6.30317,14.7
1827,11.00277,2.835172,3.104587,3.89182,6.473929,-3.5
4606,10.20633,1.916923,3.881564,2.302585,6.068956,-4.4
1820,9.758207,2.906901,3.38439,3.178054,6.084925,6.9
1554,9.990793,3.238678,2.687847,3.332205,5.982202,32.6
1918,10.5987,7.852633,2.694627,8.162801,6.672873,-0.4
1953,10.63246,8.760665,2.595255,7.351158,6.654232,12.9
7714,12.38987,5.537793,2.727853,5.407172,7.039973,21.3
2548,11.19338,7.985428,2.091864,7.697575,7.096557,-5.2
2247,10.55293,8.493505,2.970414,7.967627,6.692753,-0.7
5271,10.99353,5.973173,2.014903,5.857933,6.598002,13.7
8029,12.46405,3.633631,2.509599,5.252273,7.084393,8.8
2436,10.84756,7.495736,2.230014,7.765993,6.956939,-3.3
4893,11.81592,6.403271,2.895912,5.700444,7.026749,8.3
4487,11.85038,5.700388,2.054124,5.828946,6.823281,5.1
3514,11.13834,4.139159,2.66026,3.78419,6.385191,10.7
2072,10.53568,3.753027,2.890372,3.970292,6.321655,3.9
3171,10.86802,3.088008,2.833213,3.583519,6.405476,-0.9
2058,10.50522,3.770075,3.605498,4.317488,6.240907,-5.4
3199,10.45942,5.20985,1.526056,4.976734,6.008076,17.8
6153,11.77364,2.265229,2.797281,2.397895,6.796533,-22.9
3780,10.97198,3.097837,3.068053,3.258097,6.280583,-1
2569,11.15198,3.602323,2.734368,3.78419,6.418269,14.3
2163,10.78732,4.557205,2.906901,4.304065,6.309786,2
4319,11.2968,3.197312,2.821379,3.433987,6.329111,17.8
1855,10.58803,4.995296,2.24071,4.543295,6.513804,34.8
3822,11.263,3.902982,2.549445,3.583519,6.66272,3.9
2457,10.46368,4.218036,2.397895,3.7612,6.315738,-2.6
1960,11.15371,4.771814,2.388763,4.477337,6.527156,-1.8
3087,11.0277,3.028522,2.415914,3.258097,6.470597,-10.7
966,9.846324,4.237964,3.770459,4.290459,6.267749,2.3
1302,9.873739,3.073465,3.126761,3.7612,6.385026,-2.4
1393,9.548761,4.323912,2.701361,3.871201,6.297503,11
1001,9.743037,3.980616,2.772589,4.174387,6.36735,20.7
1708,10.03186,3.482265,2.646175,4.077537,6.425596,-0.1
889,10.14576,5.645624,2.501436,5.117994,6.658957,4.5
1533,9.628439,2.997398,2.879198,3.433987,6.07641,27.3
1708,9.686096,3.567183,3.529297,3.78419,6.31361,16.7
1176,9.650722,4.390325,3.608212,4.406719,6.361529,7.7
1554,9.911768,3.945458,2.906901,4.025352,6.443762,10.5
1582,10.12449,3.89182,2.985682,4.007333,6.603995,16.7
1162,10.13515,5.220176,2.424803,4.804021,6.55194,9.7
1085,9.723954,3.973432,2.734368,4.454347,6.342049,28.6
1008,9.898068,3.951885,2.66026,4.174387,6.321214,6.4
917,10.20715,5.497032,1.740466,6.284134,6.452762,11.6
1260,10.77439,4.631812,2.753661,4.70048,6.61489,14
1134,9.664373,4.414816,2.797281,4.430817,6.373806,10.6
763,10.41391,4.026839,3.206803,4.663439,6.571471,11.9
6979,11.68492,2.186051,1.252763,1.609438,6.53002,10.5
1330,10.44748,5.022893,2.272126,5.501258,6.603065,16.5
1568,10.71807,4.300229,2.442347,4.60517,6.777235,20.4
16870,12.90114,1.147402,2.595255,0.6931472,6.685498,-27.1
1799,10.6067,4.714174,2.459589,5.411646,6.867452,-3.6
3248,10.54785,2.653242,1.757858,4.691348,6.619935,-6.5
1743,10.46236,5.064913,1.791759,5.703782,6.612523,17.2
1561,10.93197,4.490694,2.721295,4.584967,6.674483,6.6
1946,10.53615,4.82898,2.028148,5.70711,6.632402,5.3
2639,10.72951,4.615286,1.722767,5.236442,6.683047,13
2926,11.02477,4.228778,2.091864,4.248495,6.577829,4.1
1029,10.10225,5.0312,2.734368,5.55296,6.444152,20
2149,10.6217,4.561915,2.332144,4.174387,6.460302,6.3
1533,10.1255,4.650303,3.152736,5.752573,6.497025,4.8
1736,10.62224,5.497441,2.747271,5.455321,6.580959,3.3
3892,11.04505,3.922963,3.126761,3.218876,6.279573,11.8
1260,10.25117,5.160969,2.772589,5.220356,6.310409,23.1
3262,10.84384,5.325527,1.871802,6.131226,6.699052,0.1
2625,10.74544,4.89485,2.815409,4.189655,6.232375,-5.2
3024,11.15295,4.635214,2.079442,4.521789,6.977713,-7.8
4641,12.17226,3.437744,2.24071,3.367296,6.692571,3.5
2443,10.61362,4.087656,3.091042,3.73767,6.16724,19.1
5600,12.35569,2.436533,3.11795,2.397895,6.420505,-8.7
4193,11.79873,3.08038,2.424803,2.995732,6.301105,17.3
3395,10.72969,3.683867,2.186051,2.484907,6.324995,8.2
3857,11.48349,3.630544,1.871802,4.330733,6.630917,-2.9
2247,10.47069,3.858974,2.186051,3.988984,6.397509,5.4
1680,10.62255,5.964436,1.774952,5.916202,6.671819,19.2
4760,11.14094,2.453875,2.433613,2.079442,6.171444,26.9
4431,10.45555,2.894069,2.397895,2.484907,6.178886,22.7
2058,10.13185,4.259624,3.269569,4.204693,6.297052,9.6
1365,10.15956,3.835142,2.906901,3.89182,6.296872,8.3
1694,10.20192,3.484312,2.766319,3.988984,6.420744,4.9
4249,11.64632,2.235376,2.351375,2.302585,6.277091,0.4
1785,10.39607,3.619887,2.714695,3.583519,6.410484,9.1
595,10.05297,4.66281,2.61007,4.077537,5.751706,51.9
1288,10.14375,3.821004,2.028148,4.691348,6.207716,-5.1
770,9.981124,4.029213,2.879198,4.127134,6.323238,14.6
1225,10.39088,3.788348,2.923162,4.127134,6.438292,11.8
1295,10.22923,2.583998,2.727853,3.555348,6.148152,35.2
1176,9.947198,3.52538,2.821379,3.850148,6.329548,14.2
1715,10.222,3.277145,2.821379,3.332205,6.158675,19.6
1631,10.57113,3.315397,2.912351,3.78419,6.317861,28.7
721,10.27453,4.246589,2.714695,4.70048,6.504167,-1
5103,11.86573,2.060514,3.974058,2.639057,6.418508,-5.7
1267,10.22419,3.341683,2.424803,3.526361,6.360174,16.4
1204,10.39538,3.086487,2.785011,3.332205,6.312899,10.4
903,10.46817,3.126761,2.721295,3.258097,6.339717,12.8
875,9.937604,4.436949,3.222868,4.682131,6.487672,7
1253,9.496834,3.618993,3.404525,4.094345,6.053187,25.1
1204,10.05562,3.510052,3.292126,3.555348,6.268492,0.8
1820,10.68962,3.539025,3.280911,3.951244,6.396611,11.3
1568,9.949006,3.535631,2.85647,4.127134,6.378974,6.4
1155,10.14405,4.629538,2.549445,5.099866,6.610349,17
1288,9.882249,4.420847,2.624669,5.141664,6.502625,10
1393,10.52179,4.985431,2.517696,5.609472,6.614759,14.4
819,10.01067,4.239887,2.965273,4.859812,6.466491,5.1
1736,9.551153,3.677144,2.646175,4.248495,6.352093,-9.7
1526,9.638115,3.36787,3.126761,3.871201,6.24842,-7.2
868,10.06283,4.548071,3.261935,4.465908,6.39563,-9.1
2359,9.971655,4.798267,2.476538,5.370638,6.565279,31.5
1372,10.11224,4.698053,2.292535,5.247024,6.612787,3.5
959,9.897927,3.616309,3.269569,4.110874,6.308537,15.6
4333,11.57821,5.661802,2.442347,6.139885,7.4762,11.7
3115,10.70707,6.16989,1.589235,6.75227,7.077057,6
4417,10.94316,5.713898,2.572612,8.61432,7.276956,-8.7
3416,11.30067,6.51809,2.04122,7.722235,7.345895,0.7
2681,11.47324,5.281595,2.302585,6.052089,7.417975,27.5
2835,11.39248,6.075499,2.028148,7.008505,7.014405,5.3
4466,11.5437,5.64031,1.791759,6.594413,7.701456,7.9
6027,11.76572,5.133836,1.987874,6.045005,7.643956,6.3
5586,11.59484,4.372818,1.609438,5.402677,7.207097,3.4
3157,11.04244,4.359483,2.509599,7.498316,7.107651,32.7
4760,11.92301,4.351997,2.493205,5.31812,7.763459,13.5
399,11.68803,4.494425,3.394508,8.493515,7.42059,-54.1
2492,11.36984,5.636752,2.424803,6.329721,7.135857,23.5
3332,11.02295,6.332776,2.128232,6.824374,6.978353,4.6
826,9.741762,3.453157,3.332205,3.7612,6.269513,11.7
371,8.597999,4.442063,3.269569,5.010635,4.950999,56.7
1323,9.913121,3.937366,3.242592,4.025352,6.442749,5.4
994,10.23397,3.512043,2.839078,4.025352,6.385356,13.5
1785,9.896659,3.078847,3.397858,3.912023,6.241957,17.8
1897,9.583337,2.947067,3.226844,3.433987,6.071107,-5
1155,9.861879,2.923162,3.38439,3.496508,6.213423,9.8
2772,9.893942,2.06897,3.039749,3.433987,6.07427,-11.8
1274,9.765908,3.593653,3.493473,3.828641,6.22726,-3.3
2205,10.02596,2.866003,3.33577,3.401197,6.300925,0
2499,9.867409,2.924057,3.242592,3.433987,6.31848,1.1
1134,10.20449,2.92047,3.306887,3.496508,6.460379,-8.5
1736,9.809408,2.473733,3.250374,3.178054,6.208506,11.7
1442,9.849617,3.711945,2.917771,3.951244,6.320245,-5.9
798,9.924735,3.234093,3.039749,3.89182,6.457231,3.9
3038,10.05179,2.612518,3.663562,3.135494,6.192704,17.8
2436,10.81229,3.008978,2.694627,3.526361,6.331032,9.5
1071,9.93136,3.713572,2.747271,4.077537,6.3411,20.1
1932,10.07181,2.955778,3.377588,3.367296,6.158778,17.5
1162,10.59964,4.137564,2.753661,4.158883,6.345322,-3.2
2912,10.58461,3.054787,2.895912,3.713572,6.415547,10.8
609,10.69076,3.418819,2.995732,3.912023,6.350469,19.1
1428,9.656115,3.316003,2.923162,3.78419,6.215775,12.6
868,10.26319,3.308107,3.020425,3.951244,6.185566,20.8
2058,11.23227,2.728942,3.025291,3.713572,6.226776,-5.6
